════════════════════════════════════════════════════════════════════════════════════════════════
E-G1 · careo JS ↔ tracker3d.py
JS     commit 3a574512c86d0fe78051d08c75c6e4439d20de1c · VER v1.68.0 · node v22.22.2
Python 3.11.15 · numpy 2.4.6 · /home/user/SolarGPTfull/solargpt/solargpt_core/tracker3d.py
rejilla: casos {A, B} × 9 políticas × horas {07:30, 09:00, 12:00, 16:00, 18:30} locales del 21-jun-2026 (tz +2)
parámetros canónicos: lat 41.57634 lon -0.79814 alt 739 m · TL 3.5 · albedo 0.2
                      6 filas · pitch 6 · cuerda 2.382 · z0 0.17 · ±55° · axisAz 0 · nb 2
el sol (zen, az) y la irradiancia (GHI/DNI/DHI) se pasan IDÉNTICOS al Python: la comparación aísla el motor.
MV del lado JS: el adaptativo publicado. El Python no tiene malla axial (contador 2.5D): declarado.
════════════════════════════════════════════════════════════════════════════════════════════════

══ CASO A ══ tilt N-S 0.00 0.00 0.00 0.00 0.00 0.00 · pendiente 8.00°
 política   conv.  |Δθ| máx    |Δθ| mediana   POA JS (media)  POA PY (media)  |ΔPOA| máx  |ΔPOA| mediana  n
 astro      θpy=+θjs    0.0000°       0.0000°        786.6409        785.9611     22.1818         5.4401   30
 global     θpy=+θjs    0.0000°       0.0000°        799.7369        804.7886      6.4762         5.4401   30
 row        θpy=+θjs    0.0000°       0.0000°        799.7369        804.7886      6.4762         5.4401   30
 bt2d       —      NO COMPARABLE: NO EXISTE en tracker3d.py
 pairwise   θpy=+θjs    0.0000°       0.0000°        799.7369        804.7886      6.4762         5.4401   30
 true3d     θpy=+θjs    0.0000°       0.0000°        799.7369        804.7886      6.4762         5.4401   30
 mgl        θpy=+θjs    0.0000°       0.0000°        799.7369        804.7886      6.4762         5.4401   30
 optimal    θpy=+θjs    0.0000°       0.0000°        799.7369        804.7886      6.4762         5.4401   30
 optfree    —      NO COMPARABLE: NO EXISTE en tracker3d.py

  detalle por instante y fila (|Δθ| con la convención elegida arriba):
   astro:
     07:30  JS   55.00   55.00   55.00   55.00   55.00   55.00
            PY   55.00   55.00   55.00   55.00   55.00   55.00   |Δ|   0.000   0.000   0.000   0.000   0.000   0.000
     09:00  JS   55.00   55.00   55.00   55.00   55.00   55.00
            PY   55.00   55.00   55.00   55.00   55.00   55.00   |Δ|   0.000   0.000   0.000   0.000   0.000   0.000
     12:00  JS   29.22   29.22   29.22   29.22   29.22   29.22
            PY   29.22   29.22   29.22   29.22   29.22   29.22   |Δ|   0.000   0.000   0.000   0.000   0.000   0.000
     16:00  JS  -26.99  -26.99  -26.99  -26.99  -26.99  -26.99
            PY  -26.99  -26.99  -26.99  -26.99  -26.99  -26.99   |Δ|   0.000   0.000   0.000   0.000   0.000   0.000
     18:30  JS  -55.00  -55.00  -55.00  -55.00  -55.00  -55.00
            PY  -55.00  -55.00  -55.00  -55.00  -55.00  -55.00   |Δ|   0.000   0.000   0.000   0.000   0.000   0.000
   global:
     07:30  JS   42.08   42.08   42.08   42.08   42.08   42.08
            PY   42.08   42.08   42.08   42.08   42.08   42.08   |Δ|   0.000   0.000   0.000   0.000   0.000   0.000
     09:00  JS   55.00   55.00   55.00   55.00   55.00   55.00
            PY   55.00   55.00   55.00   55.00   55.00   55.00   |Δ|   0.000   0.000   0.000   0.000   0.000   0.000
     12:00  JS   29.22   29.22   29.22   29.22   29.22   29.22
            PY   29.22   29.22   29.22   29.22   29.22   29.22   |Δ|   0.000   0.000   0.000   0.000   0.000   0.000
     16:00  JS  -26.99  -26.99  -26.99  -26.99  -26.99  -26.99
            PY  -26.99  -26.99  -26.99  -26.99  -26.99  -26.99   |Δ|   0.000   0.000   0.000   0.000   0.000   0.000
     18:30  JS  -55.00  -55.00  -55.00  -55.00  -55.00  -55.00
            PY  -55.00  -55.00  -55.00  -55.00  -55.00  -55.00   |Δ|   0.000   0.000   0.000   0.000   0.000   0.000
   row:
     07:30  JS   42.08   42.08   42.08   42.08   42.08   42.08
            PY   42.08   42.08   42.08   42.08   42.08   42.08   |Δ|   0.000   0.000   0.000   0.000   0.000   0.000
     09:00  JS   55.00   55.00   55.00   55.00   55.00   55.00
            PY   55.00   55.00   55.00   55.00   55.00   55.00   |Δ|   0.000   0.000   0.000   0.000   0.000   0.000
     12:00  JS   29.22   29.22   29.22   29.22   29.22   29.22
            PY   29.22   29.22   29.22   29.22   29.22   29.22   |Δ|   0.000   0.000   0.000   0.000   0.000   0.000
     16:00  JS  -26.99  -26.99  -26.99  -26.99  -26.99  -26.99
            PY  -26.99  -26.99  -26.99  -26.99  -26.99  -26.99   |Δ|   0.000   0.000   0.000   0.000   0.000   0.000
     18:30  JS  -55.00  -55.00  -55.00  -55.00  -55.00  -55.00
            PY  -55.00  -55.00  -55.00  -55.00  -55.00  -55.00   |Δ|   0.000   0.000   0.000   0.000   0.000   0.000
   pairwise:
     07:30  JS   42.08   42.08   42.08   42.08   42.08   42.08
            PY   42.08   42.08   42.08   42.08   42.08   42.08   |Δ|   0.000   0.000   0.000   0.000   0.000   0.000
     09:00  JS   55.00   55.00   55.00   55.00   55.00   55.00
            PY   55.00   55.00   55.00   55.00   55.00   55.00   |Δ|   0.000   0.000   0.000   0.000   0.000   0.000
     12:00  JS   29.22   29.22   29.22   29.22   29.22   29.22
            PY   29.22   29.22   29.22   29.22   29.22   29.22   |Δ|   0.000   0.000   0.000   0.000   0.000   0.000
     16:00  JS  -26.99  -26.99  -26.99  -26.99  -26.99  -26.99
            PY  -26.99  -26.99  -26.99  -26.99  -26.99  -26.99   |Δ|   0.000   0.000   0.000   0.000   0.000   0.000
     18:30  JS  -55.00  -55.00  -55.00  -55.00  -55.00  -55.00
            PY  -55.00  -55.00  -55.00  -55.00  -55.00  -55.00   |Δ|   0.000   0.000   0.000   0.000   0.000   0.000
   true3d:
     07:30  JS   42.08   42.08   42.08   42.08   42.08   42.08
            PY   42.08   42.08   42.08   42.08   42.08   42.08   |Δ|   0.000   0.000   0.000   0.000   0.000   0.000
     09:00  JS   55.00   55.00   55.00   55.00   55.00   55.00
            PY   55.00   55.00   55.00   55.00   55.00   55.00   |Δ|   0.000   0.000   0.000   0.000   0.000   0.000
     12:00  JS   29.22   29.22   29.22   29.22   29.22   29.22
            PY   29.22   29.22   29.22   29.22   29.22   29.22   |Δ|   0.000   0.000   0.000   0.000   0.000   0.000
     16:00  JS  -26.99  -26.99  -26.99  -26.99  -26.99  -26.99
            PY  -26.99  -26.99  -26.99  -26.99  -26.99  -26.99   |Δ|   0.000   0.000   0.000   0.000   0.000   0.000
     18:30  JS  -55.00  -55.00  -55.00  -55.00  -55.00  -55.00
            PY  -55.00  -55.00  -55.00  -55.00  -55.00  -55.00   |Δ|   0.000   0.000   0.000   0.000   0.000   0.000
   mgl:
     07:30  JS   42.08   42.08   42.08   42.08   42.08   42.08
            PY   42.08   42.08   42.08   42.08   42.08   42.08   |Δ|   0.000   0.000   0.000   0.000   0.000   0.000
     09:00  JS   55.00   55.00   55.00   55.00   55.00   55.00
            PY   55.00   55.00   55.00   55.00   55.00   55.00   |Δ|   0.000   0.000   0.000   0.000   0.000   0.000
     12:00  JS   29.22   29.22   29.22   29.22   29.22   29.22
            PY   29.22   29.22   29.22   29.22   29.22   29.22   |Δ|   0.000   0.000   0.000   0.000   0.000   0.000
     16:00  JS  -26.99  -26.99  -26.99  -26.99  -26.99  -26.99
            PY  -26.99  -26.99  -26.99  -26.99  -26.99  -26.99   |Δ|   0.000   0.000   0.000   0.000   0.000   0.000
     18:30  JS  -55.00  -55.00  -55.00  -55.00  -55.00  -55.00
            PY  -55.00  -55.00  -55.00  -55.00  -55.00  -55.00   |Δ|   0.000   0.000   0.000   0.000   0.000   0.000
   optimal:
     07:30  JS   42.08   42.08   42.08   42.08   42.08   42.08
            PY   42.08   42.08   42.08   42.08   42.08   42.08   |Δ|   0.000   0.000   0.000   0.000   0.000   0.000
     09:00  JS   55.00   55.00   55.00   55.00   55.00   55.00
            PY   55.00   55.00   55.00   55.00   55.00   55.00   |Δ|   0.000   0.000   0.000   0.000   0.000   0.000
     12:00  JS   29.22   29.22   29.22   29.22   29.22   29.22
            PY   29.22   29.22   29.22   29.22   29.22   29.22   |Δ|   0.000   0.000   0.000   0.000   0.000   0.000
     16:00  JS  -26.99  -26.99  -26.99  -26.99  -26.99  -26.99
            PY  -26.99  -26.99  -26.99  -26.99  -26.99  -26.99   |Δ|   0.000   0.000   0.000   0.000   0.000   0.000
     18:30  JS  -55.00  -55.00  -55.00  -55.00  -55.00  -55.00
            PY  -55.00  -55.00  -55.00  -55.00  -55.00  -55.00   |Δ|   0.000   0.000   0.000   0.000   0.000   0.000

══ CASO B ══ tilt N-S -3.41 1.63 3.22 3.76 -3.67 -3.06 · pendiente 8.00°
 política   conv.  |Δθ| máx    |Δθ| mediana   POA JS (media)  POA PY (media)  |ΔPOA| máx  |ΔPOA| mediana  n
 astro      θpy=+θjs    0.7963°       0.0000°        743.1455        785.7580    161.1698        24.8348   30
 global     θpy=+θjs    0.8374°       0.0753°        741.0440        790.5976    161.1698         9.6415   30
 row        θpy=+θjs    7.8953°       0.5226°        741.7128        790.3173    161.1698         7.7580   30
 bt2d       —      NO COMPARABLE: NO EXISTE en tracker3d.py
 pairwise   θpy=+θjs   65.0000°       0.7486°        618.1422        803.5690    428.2832       197.1386   30
 true3d     θpy=+θjs   57.0000°      14.9723°        629.0985        798.7029    373.7726       172.5372   30
 mgl        θpy=+θjs   65.0000°       0.7486°        618.1422        803.5690    428.2832       197.1386   30
 optimal    θpy=+θjs   16.8262°       0.4632°        743.1455        803.5971    161.1698        61.4729   30
 optfree    —      NO COMPARABLE: NO EXISTE en tracker3d.py

  detalle por instante y fila (|Δθ| con la convención elegida arriba):
   astro:
     07:30  JS   55.00   55.00   55.00   55.00   55.00   55.00
            PY   55.00   55.00   55.00   55.00   55.00   55.00   |Δ|   0.000   0.000   0.000   0.000   0.000   0.000
     09:00  JS   55.00   55.00   55.00   55.00   55.00   55.00
            PY   55.00   55.00   55.00   55.00   55.00   55.00   |Δ|   0.000   0.000   0.000   0.000   0.000   0.000
     12:00  JS   29.65   29.05   28.90   28.85   29.68   29.60
            PY   29.12   29.51   29.66   29.22   28.89   28.89   |Δ|   0.526   0.466   0.759   0.368   0.796   0.710
     16:00  JS  -27.42  -26.83  -26.68  -26.63  -27.45  -27.37
            PY  -26.90  -27.29  -27.43  -27.00  -26.67  -26.67   |Δ|   0.519   0.460   0.750   0.366   0.787   0.702
     18:30  JS  -55.00  -55.00  -55.00  -55.00  -55.00  -55.00
            PY  -55.00  -55.00  -55.00  -55.00  -55.00  -55.00   |Δ|   0.000   0.000   0.000   0.000   0.000   0.000
   global:
     07:30  JS   41.66   41.66   41.66   41.66   41.66   41.66
            PY   42.50   42.50   42.50   42.50   42.50   42.50   |Δ|   0.837   0.837   0.837   0.837   0.837   0.837
     09:00  JS   55.00   55.00   55.00   55.00   55.00   55.00
            PY   55.00   55.00   55.00   55.00   55.00   55.00   |Δ|   0.000   0.000   0.000   0.000   0.000   0.000
     12:00  JS   29.18   29.18   29.18   29.18   29.18   29.18
            PY   29.26   29.26   29.26   29.26   29.26   29.26   |Δ|   0.076   0.076   0.076   0.076   0.076   0.076
     16:00  JS  -26.96  -26.96  -26.96  -26.96  -26.96  -26.96
            PY  -27.03  -27.03  -27.03  -27.03  -27.03  -27.03   |Δ|   0.075   0.075   0.075   0.075   0.075   0.075
     18:30  JS  -55.00  -55.00  -55.00  -55.00  -55.00  -55.00
            PY  -55.00  -55.00  -55.00  -55.00  -55.00  -55.00   |Δ|   0.000   0.000   0.000   0.000   0.000   0.000
   row:
     07:30  JS   46.57   40.14   38.33   37.74   46.94   46.07
            PY   41.00   43.03   45.93   44.32   40.10   38.17   |Δ|   5.570   2.894   7.601   6.588   6.840   7.895
     09:00  JS   55.00   55.00   55.00   55.00   55.00   55.00
            PY   55.00   55.00   55.00   55.00   55.00   55.00   |Δ|   0.000   0.000   0.000   0.000   0.000   0.000
     12:00  JS   29.65   29.05   28.90   28.85   29.68   29.60
            PY   29.12   29.30   29.58   29.43   29.04   28.89   |Δ|   0.526   0.259   0.685   0.574   0.640   0.710
     16:00  JS  -27.42  -26.83  -26.68  -26.63  -27.45  -27.37
            PY  -26.90  -27.08  -27.36  -27.20  -26.82  -26.67   |Δ|   0.519   0.256   0.677   0.568   0.632   0.702
     18:30  JS  -55.00  -55.00  -55.00  -55.00  -55.00  -55.00
            PY  -55.00  -55.00  -55.00  -55.00  -55.00  -55.00   |Δ|   0.000   0.000   0.000   0.000   0.000   0.000
   pairwise:
     07:30  JS   -2.00   -2.00   15.92   -2.00   -2.00   38.10
            PY   41.00   41.00   45.20   42.13   38.17   38.17   |Δ|  43.000  43.000  29.276  44.135  40.174   0.073
     09:00  JS   -2.00   -2.00   55.00   32.50   -2.00   55.00
            PY   55.00   55.00   55.00   55.00   55.00   55.00   |Δ|  57.000  57.000   0.000  22.500  57.000   0.000
     12:00  JS   29.32   28.97   28.88   28.88   29.21   29.64
            PY   29.12   29.12   29.51   29.22   28.89   28.89   |Δ|   0.199   0.150   0.636   0.346   0.325   0.753
     16:00  JS  -27.10  -26.75  -26.66  -26.66  -26.99  -27.41
            PY  -26.90  -26.90  -27.29  -27.00  -26.67  -26.67   |Δ|   0.197   0.149   0.629   0.343   0.322   0.744
     18:30  JS   10.00   10.00  -20.80   10.00   10.00  -55.00
            PY  -55.00  -55.00  -55.00  -55.00  -55.00  -55.00   |Δ|  65.000  65.000  34.200  65.000  65.000   0.000
   true3d:
     07:30  JS    0.00    0.00   12.29    0.00    0.00   32.79
            PY   42.69   38.70   37.48   37.48   41.52   45.94   |Δ|  42.688  38.696  25.192  37.478  41.522  13.145
     09:00  JS   -2.00   -2.00   55.00   32.50   -2.00   55.00
            PY   55.00   55.00   55.00   55.00   55.00   55.00   |Δ|  57.000  57.000   0.000  22.500  57.000   0.000
     12:00  JS   29.32   28.97   28.88   28.88   29.21   29.64
            PY   29.12   29.12   29.51   29.22   28.89   28.89   |Δ|   0.199   0.150   0.636   0.346   0.325   0.753
     16:00  JS  -27.10  -26.75  -26.66  -26.66  -26.99  -27.41
            PY  -26.90  -26.90  -27.29  -27.00  -26.67  -26.67   |Δ|   0.197   0.149   0.629   0.343   0.322   0.744
     18:30  JS    0.00    0.00  -14.82    0.00    0.00  -38.20
            PY  -55.00  -55.00  -55.00  -55.00  -55.00  -55.00   |Δ|  55.000  55.000  40.181  55.000  55.000  16.800
   mgl:
     07:30  JS   -2.00   -2.00   15.92   -2.00   -2.00   38.10
            PY   41.00   41.00   45.20   42.13   38.17   38.17   |Δ|  43.000  43.000  29.276  44.135  40.174   0.073
     09:00  JS   -2.00   -2.00   55.00   32.50   -2.00   55.00
            PY   55.00   55.00   55.00   55.00   55.00   55.00   |Δ|  57.000  57.000   0.000  22.500  57.000   0.000
     12:00  JS   29.32   28.97   28.88   28.88   29.21   29.64
            PY   29.12   29.12   29.51   29.22   28.89   28.89   |Δ|   0.199   0.150   0.636   0.346   0.325   0.753
     16:00  JS  -27.10  -26.75  -26.66  -26.66  -26.99  -27.41
            PY  -26.90  -26.90  -27.29  -27.00  -26.67  -26.67   |Δ|   0.197   0.149   0.629   0.343   0.322   0.744
     18:30  JS   10.00   10.00  -20.80   10.00   10.00  -55.00
            PY  -55.00  -55.00  -55.00  -55.00  -55.00  -55.00   |Δ|  65.000  65.000  34.200  65.000  65.000   0.000
   optimal:
     07:30  JS   55.00   55.00   55.00   55.00   55.00   55.00
            PY   41.00   41.00   45.20   42.13   38.17   38.17   |Δ|  14.000  14.000   9.801  12.865  16.826  16.826
     09:00  JS   55.00   55.00   55.00   55.00   55.00   55.00
            PY   55.00   55.00   55.00   55.00   55.00   55.00   |Δ|   0.000   0.000   0.000   0.000   0.000   0.000
     12:00  JS   29.65   29.05   28.90   28.85   29.68   29.60
            PY   29.12   29.51   29.66   29.22   28.89   28.89   |Δ|   0.526   0.466   0.759   0.368   0.796   0.710
     16:00  JS  -27.42  -26.83  -26.68  -26.63  -27.45  -27.37
            PY  -26.90  -27.29  -27.43  -27.00  -26.67  -26.67   |Δ|   0.519   0.460   0.750   0.366   0.787   0.702
     18:30  JS  -55.00  -55.00  -55.00  -55.00  -55.00  -55.00
            PY  -55.00  -55.00  -55.00  -55.00  -55.00  -55.00   |Δ|   0.000   0.000   0.000   0.000   0.000   0.000

CSV: audit2/out/G1_careo.csv
